version https://git-lfs.github.com/spec/v1
oid sha256:4042bf4ac484138343dfcc2d1d923ca261e56dcb6c05ee536940c65c82a1ac70
size 272232
